611477
80039
226860
6607
713446
196448
908061
484027
713452
959763
396574
67943
735362
30730
601301
186108
626222
109932
277188
749103
650584
176246
808484
601630
429520
269015
274583
385045
204675
692393
982934
501834
814154
867580
780072
818270
503206
822454
732846
365793
630824
403825
470615
178813
626563
61319
152150
965399
31292
352186
819159
589277
487153
354067
750029
570736
49444
98885
256262
306217
867359
856824
271846
753842
705745
204645
726157
792260
466163
268555
491624
481894
726383
204689
30005
557549
263792
238987
824881
811673
321659
858594
903799
149623
934961
16081
259820
802189
663037
492142
28443
721180
947324
342875
457816
839931
446270
482727
639127
948122
398991
219673
636426
727295
112538
909480
807499
510463
897013
70605
16505
342215
696153
487179
107683
22280
772625
300671
712425
891888
432139
346589
950595
213599
61527
527039
152985
239702
828
122826
858619
485739
591665
832823
591356
11424
495199
353495
525180
876505
933517
145077
226558
58555
691503
258705
473398
21138
509623
610135
942454
522222
497652
633048
926642
548203
350849
806277
869126
760024
255358
121345
65244
513627
746140
405923
553345
81512
746318
912837
501200
651649
797309
784624
411819
943818
212272
417140
557881
124193
810422
699879
997299
409360
618014
264073
770160
707522
301392
622414
452932
339318
410888
720415
352468
962998
390946
984335
241327
468169