30
-3
-9
7
5
4
-2
-4
33
24
-5
27
17
-8
-9
-5
3
4
22
28
-9
25
2
35
31
34
24
16
4
18
27
7
-10
0
34
17
11
7
-1
3
11
-4
-5
14
-4
12
12
28
6
-8
19
24
-3
14
-5
25
8
30
29
13
26
2
35
-6
-8
32
4
8
-5
4
-4
14
7
19
30
13
0
13
12
3
32
7
34
33
31
-6
28
30
0
24
5
0
19
14
7
30
34
25
4
33
10
-7
4
-8
10
15
7
-6
3
26
35
10
3
31
21
15
31
19
-1
6
-2
5
25
24
6
27
17
27
15
13
4
-2
22
21
-5
-7
-3
-1
30
0
33
17
28
-6
14
14
28
19
23
6
25
-10
33
-3
33
24
7
31
11
-3
8
17
0
19
-10
6
22
1
22
-4
30
9
30
22
28
2
-1
13
0
24
23
-10
28
10
21
-9
-3
13
9
5
-7
5
26
-5
-5
21
-6
24
-2
-2
32
20
25
0
6
23
28
17
3
24
34
2
35
9
15
32
31
13
18
23
18
-3
5
4
-6
11
-9
27
25
4
27
4
-10
-6
35
30
-7
4
-6
-8
11
-6
22
5
7
32
21
3
24
-2
26
26
20
5
20
16
2
-4
-4
32
17
12
17
16
19
-7
33
31
31
-4
-7
15
11
-4
5
2
2
24
18
-2
17
1
7
19
5
-6
18
25
-4
-7
31
24
-10
-5
5
0
16
21
20
3
15
-7
0
14
-10
14
6
19
8
17
34
25
32
35
21
-1
2
8
3
-7
27
24
-7
10
-7
-7
27
20
22
23
0
-7
22
-5
1
-6
28
-6
33
5
15
-3
26
5
27
28
-8
29
-5
16
32
27
26
23
10
6
3
32
35
10
5
6
15
-2
32
