91041137929
66102451995
73012416727
45010439466
63101423264
94081361914
75110414533
61062581371
67020295452
90050822413
48102253197
60030372322
87091316146
01280348538
58080628692
51100535158
58081861775
70110225231
60081019928
64091648828
52030494681
67112739514
71102779154
71080338143
48021481259
43110453458
76040542794
67072519289
54111873266
63030249645
50072994127
74020676224
59030518298
64090521867
59101645795
47022822825
02211197582
85110727935
88091764267
84011551711
87080528336
02310836784
77060832265
61080818341
58081115164
75022728711
53122313389
65051139954
66010525447
99020821436
49070614753
87111094852
74060822513
69012343439
92020548873
87090295679
96070759218
83021646585
96061966722
78120497167
49102136668
46091261696
70052533911
81110461635
48080718123
59101982467
73082197544
79091996475
81121673771
43082245325
59012654657
91060549673
76121565236
81012557296
58032566919
53111662957
00230519273
94080193899
79050442621
45061512846
46010844742
97073019785
82122694828
73122484737
43071581485
54010193414
63091157514
64122755585
97122545999
88090613685
63022374834
89011041121
82020713171
65032148366
85120945958
90022425178
78041495897
86041279322
48022143615
01262674967
95101014258
81073162116
44042423553
70060298985
74071459511
46101794468
46072661141
63123048731
67121233393
75121822556
52100514851
67071013425
66070911949
56092153733
67073127557
51040389666
93091632614
57092734942
93040151313
96031538359
55073188713
50021024112
88021757857
78062496165
77070587821
74061383226
85050466752
66060983736
84071662213
67081437998
91122864955
82091071853
61081536169
80081477135
90120989347
79040957845
98100455299
65051288245
71100487941
48011665915
02320663138
99041715943
91102966334
95062856212
86050489314
92080889392
78090157823
77041189159
63032057916
93120442726
66091422512
43092836364
45091815362
43041474881
01272425328
66040636762
97021155886
62010115561
54072718183
57052088153
97112915232
65071277878
76022652677
43121419735
77103099121
67062785623
93040529938
62050357211
73072963461
71092545665
55011594471
43120194796
94040918564
45111214685
79110797553
57091233534
91031129439
79081119279
49072075659
98021869469
82072768242
68062715841
67120281847
79052126312
55030191848
86122815261
97051154956
57082437363
02312887894
56062224333
44010985212
75100832657
46122851621
72082666641
53112329165
81111228123
69041772774
44060762719
94041383628
68091169415
68031686714
96051455845
90073013391
60061566572
86082195375
84042471354
84071261269
75013142984
61052772716
56052156916
50031617184
84030131734
94122883722
74041447599
62042769136
56082126835
55062478995
72050458447
53121722298
79041536559
82042718299
79060353964
79120118726
45101397756
88062592181
62012251267
02301544454
47021236685
44110377328
47031827396
46012052356
95051482523
78052323224
90081532295
47072133955
87032227955
89110272471
63030324344
98111269117
70022513783
88042256197
84081665842
95090611933
02210388974
67030934941
71011869294
83061696126
66122188763
52120347653
83071998755
72071138977
71051359986
93022511582
75120859959
66031051134
49071364831
71122534834
93110436757
66031124173
66041614947
98111463887
49090311485
76052884729
94091699944
99051169378
57011218849
59092868953
85032352983
43120796271
58031177329
69082084797
45111376798
65091913563
68101055637
77121336972
69092226925
97121568333
89090265865
54092631811
89121523232
61032182654
97020362249
72092458357
67012076887
84122461499
58102176778
78010926593
71100794829
55092767742
75031348971
95101945855
43020766965
60032567586
93031632311
48101781886
45060579392
47021739157
56122248288
87111962618
71031811965