25
359
679
378
1143
132
712
159
376
1103
2
60
746
235
1223
577
522
425
556
83
994
998
764
975
973
569
257
762
802
89
930
192
670
717
686
802
671
1051
1185
704
798
374
1081
359
121
220
1212
471
394
490
3
527
827
1038
463
94
139
680
1029
1187
85
946
854
73
99
547
543
840
898
763
628
686
378
154
813
1022
1141
384
41
361
333
1182
1035
998
768
712
722
100
959
717
116
81
578
300
207
1197
748
407
134
22
1005
163
813
1051
239
338
462
81
87
512
265
258
259
693
1227
759
1212
1120
430
1011
735
269
1171
926
1131
320
262
662
1132
638
538
585
327
667
778
860
830
811
103
114
560
648
492
1114
527
203
654
313
1066
838
242
30
278
831
246
1215
602
73
113
167
467
504
803
605
198
1233
1053
831
907
481
243
719
1007
474
423
953
325
422
203
269
1179
439
668
1176
986
268
333
377
138
571
615
303
831
166
585
855
765
777
19
429
653
541
337
336
879
256
975
554
930
737
363
1186
61
351
633
678
463
212
927
325
755
206
293
308
1175
178
813
837
250
621
798
590
690
598
731
71
1225
195
41
808
185
1135
564
755
1014
1013
456
251
1188
1147
1115
915
754
202
240
334
88
1123
149
1154
1223
243
852
906
332
776
876
363
307
326
184
704
1103
222
791
127
664
506
143
669
583
349
872
383
878
396
837
996
534
320
545
504
635
362
98
92
194
824
721
533
195
1110
691
767
197
888
232
628
91
1204
1096
668
1156
196
137
872
607
693
1053
71
654
715
1212
819
329
945
125
343
1078
118
1176
922
1001
1174
1093
1171
327
659
712
527
701
1006
194
10
285
907
95
551
652
628
1109
220
533
1035
963
1031
421
740
529
1187
528
1152
336
188
732
77
332
734
659
354
80
869
830
501
444
221
662
877
31
766
349
126
722
769
34
1229
720
140
346
1161
177
18
395
497
185
71
56
823
193
117
566
869
24
350
999
154
1001
1074
1120
936
587
778
238
129
1110
359
1142
759
523
302
764
204
570
1187
179
159
755
912
974
904
1031
80
454
50
768
908
1175
1056
1178
313
515
1134
436
1103
865
893
224
308
267
1094
615
1199
683
52
645
78
1041
35
796
230
122
503
227
389
56
1175
863
1036
533
493
397
790
1180
775
370
477
377
958
881
691
606
907
240
690
1126
764
948
609
192
966
830
1148
268
503
1066
1071
252
995
231
345
995
1114
613
924
1104
133
757
975
584
560
719
291
165
423
340
1195
875
109
349
937
72
460
1134
481
450
98
241
650
922
791
760
1086
138
439
26
96
789
470
25
675
601
669
792
300
142
182
539
584
245
769
643
431
327
819
1003
405
527
360
782
31
692
1198
705
966
1040
698
718
456
581
553
48
873
811
567
488
220
707
1073
1043
299
481
658
119
881
513
650
19
732
462
67
191
823
530
945
385
144
1081
1027
95
505
16
286
885
859
916
319
335
693
396
633
986
966
1065
567
698
1045
864
206
226
486
994
43
228
580
538
488
1085
139
1171
209
392
3
108
1153
1079
720
845
159
719
92
215
594
470
1051
1182
1056
573
199
1017
1219
873
634
1203
300
497
732
480
648
922
90
1016
356
654
741
651
664
265
485
169
679
533
959
313
13
665
620
113
560
879
1102
718
443
66
811
1073
1192
420
906
674
696
202
24
964
82
858
390
14
119
265
752
508
924
1042
540
1084
785
478
529
30
748
680
316
529
169
542
1198
782
957
899
969
728
1169
35
1092
1031
1111
514
419
878
303
628
1045
1085
776
487
476
987
928
936
218
293
382
966
1050
330
304
194
214
326
395
82
60
135
978
825
1176
164
612
500
183
1231
600
557
131
910
1217
1123
1039
1033
983
479
1080
1046
255
538
366
627
547
828
730
544
686
33
298
681
1093
65
574
255
521
813
261
36
236
96
148
427
634
331
882
536
234
208
163
880
792
720
863
514
791
1118
563
57
181
1110
622
7
1024
893
1116
915
377
1027
261
693
1055
924
788
347
568
624
480
628
558
354
121
140
365
538
516
442
807
614
877
905
895
657
1051
808
858
49
1065
393
1164
1234
1114
715
531
920
605
392
771
77
189
929
151
785
144
1230
993
2
558
603
707
623
895
42
136
260
595
5
49
138
1086
465
614
577
792
771
56
986
507
1037
827
984
896
881
945
763
808
807
308
1180
802
622
115
685
679
829
350
469
1037
928
609
202
195
674
1100
1047
951
922
589
662
678
987
683
23
141
776
264
964
643
506
20
4
514
358
516
773
1174
617
141
156
708
623
28
241
599
735
717
1032
352
1003
1177
24
313
581
266
851
604
566
647
852
329
695
716
613
146
70
81
127
552
1111
802
949
281
698
1115
1046
752
195
980
1129
346
873
29
71
781
817
878
638
696
898
922
199
28
824
1197
117
267
